160
426
673
933
1052
1296
1441
1551
2231
2295
2374
2451
2638
2726
2780
2824
2909
3011
3073
3161
3260
3325
3377
3412
3616
3634
3706
3818
3877
3938
3992
4064
4119
4160
4196
4270
4338
4411
4557
4575
4609
4649
4689
4708
4731
4750
4766
4813
4863
4925
4939
4965
5012
5056
5113
5149
5170
5192
5279
5306
5341
5472
5511
5565
5577
5592
5742
5776
5877
5907
5938
5993
6046
6095
6136
6149
6194
6251
6293
6315
6410
6431
6457
6470
6507
6519
6628
6703
6718
6750
6759
6788
6810
6816
6842
6867
6903
6918
6949
7053
7098
7100
7133
7174
7202
7281
7301
7315
7348
7369
7402
7482
7579
7592
7636
7648
7729
7811
7859
7898
7939
7980
7999
8024
8034
8052
8088
8146
8184
8207
8240
8279
8375
8417
8438
8462
8476
8513
8530
8557
8585
8605
8627
8656
8668
8706
8739
8773
8804
8840
8855
8862
8917
8938
8973
9020
9031
9044
9064
9089
9118
9147
9198
9214
9226
9247
9268
9279
9305
9320
9340
9345
9371
9393
9488
9502
9507
9514
9529
9558
9593
9611
9620
9642
9676
9692
9708
9715
9750
9754
9815
9819
9831
9855
9871
9911
9937
9945
9952
9969
9980
9987
10035
10045
10054
10068
10135
10190
10210
10237
10254
10267
10280
10310
10335
10391
10422
10451
10458
10487
10495
10502
10534
10554
10569
10586
10606
10643
10661
10688
10705
10741
10760
10789
10801
10819
10827
10835
10844
10864
10891
10899
10925
10966
10973
10993
11027
11063
11124
11191
11209
11223
11229
11237
11249
11256
11271
11288
11300
11316
11325
11341
11396
11407
11427
11438
11449
11464
11471
11493
11497
11561
11572
11593
11602
11610
11629
11640
11650
11669
11716
11740
11752
11776
11798
11823
11843
11859
11866
11876
11885
11910
11934
11944
11955
11978
12013
12028
12037
12053
12083
12107
12122
12132
12146
12163
12181
12198
12208
12225
12246
12287
12301
12304
12354
12368
12377
12387
12397
12424
12454
12485
12525
12536
12562
12590
12609
12616
12640
12648
12659
12661
12692
12732
12764
12776
12848
12932
12949
12955
12967
12980
13002
13007
13012
13047
13066
13072
13098
13121
13139
13205
13222
13228
13244
13255
13262
13269
13303
13314
13317
13325
13337
13347
13377
13398
13427
13478
13580
13585
13603
13615
13628
13644
13664
13681
13691
13696
13711
13712
13724
13740
13751
13755
13773
13794
13798
13805
13815
13857
13876
13878
13889
13939
14029
14046
14071
14090
14095
14099
14101
14111
14119
14123
14142
14160
14166
14209
14226
14256
14277
14318
14324
14358
14370
14381
14389
14399
14407
14418
14430
14450
14469
14480
14520
14548
14556
14562
14569
14576
14580
14586
14592
14604
14616
14638
14664
14671
14681
14693
14711
14715
14728
14770
14772
14811
14862
14873
14890
14930
14945
14964
14994
15001
15084
15099
15112
15126
15134
15167
15169
15205
15207
15211
15216
15246
15282
15292
15321
15337
15351
15358
15367
15381
15390
15392
15447
15453
15466
15486
15492
15492
15498
15507
15514
15522
15541
15544
15549
15556
15560
15592
15595
15599
15603
15620
15639
15650
15688
15691
15735
15755
15758
15772
15779
15793
15801
15808
15812
15827
15838
15847
15854
15865
15891
15894
15900
15901
15916
15922
15954
15973
15979
15990
16135
16153
16161
16167
16175
16178
16192
16198
16211
16230
16254
16263
16274
16278
16282
16293
16310
16313
16488
16500
16507
16515
16527
16556
16564
16566
16572
16583
16595
16598
16617
16622
16636
16644
16655
16658
16668
16674
16693
16697
16737
16748
16753
16766
16791
16820
16829
16841
16861
16876
16885
16886
16886
16906
16964
16970
16984
16997
17023
17031
17037
17046
17059
17065
17081
17101
17111
17123
17150
17154
17155
17172
17187
17210
17223
17233
17239
17259
17271
17281
17286
17304
17328
17337
17359
17378
17386
17411
17428
17440
17445
17454
17466
17502
17526
17532
17538
17552
17566
17574
17578
17596
17621
17633
17635
17646
17658
17661
17666
17669
17673
17678
17686
17686
17811
17824
17850
17869
17890
17896
17910
17933
17940
17946
17954
17956
17959
17965
17967
17976
17984
17995
17996
18018
18021
18026
18030
18053
18055
18073
18078
18098
18115
18127
18134
18138
18138
18165
18176
18183
18187
18191
18192
18192
18205
18212
18227
18227
18251
18263
18266
18278
18282
18287
18296
18301
18314
18320
18324
18339
18341
18374
18382
18390
18400
18442
18462
18466
18543
18548
18552
18557
18558
18561
18575
18583
18592
18606
18608
18641
18655
18663
18683
18692
18693
18712
18723
18724
18772
18774
18780
18792
18796
18808
18808
18811
18830
18834
18851
18857
18861
18864
18870
18872
18880
18889
18892
18920
18922
18925
18932
18954
18972
18984
18999
19012
19023
19036
19039
19063
19081
19100
19117
19133
19144
19155
19189
19204
19214
19218
19243
19250
19255
19270
19279
19303
19310
19319
19330
19340
19352
19373
19395
19397
19398
19416
19420
19434
19475
19499
19506
19513
19517
19522
19528
19543
19552
19560
19577
19590
19601
19607
19613
19618
19625
19638
19649
19665
19678
19692
19706
19739
19744
19758
19765
19769
19780
19783
19799
19812
19819
19833
19848
19921
19928
19944
19948
19954
19959
19970
19970
19992
20006
20013
20038
20043
20057
20062
20063
20127
20131
20153
20157
20164
20165
20186
20189
20195
20205
20209
20212
20214
20232
20244
20259
20266
20269
20278
20298
20308
20313
20319
20326
20356
20366
20375
20380
20393
20440
20441
20451
20453
20454
20466
20471
20475
20500
20516
20541
20554
20554
20564
20571
20588
20607
20624
20628
20629
20653
20658
20663
20682
20685
20699
20706
20717
20730
20735
20748
20760
20776
20809
20814
20828
20841
20850
20850
20855
20859
20924
20928
20930
20936
20938
20946
20952
20971
20980
20986
20990
21001
21023
21028
21050
21057
21062
21074
21080
21080
21085
21107
21114
21122
21130
21148
21167
21176
21183
21187
21196
21203
21209
21283
21285
21287
21311
21332
21371
21373
21383
21389
21393
21397
21397
21402
21407
21411
21414
21419
21427
21433
21438
21457
21463
21470
21499
21504
21507
21514
21518
21520
21526
21532
21532
21534
21540
21564
21571
21576
21580
21585
21591
21594
21613
21617
21645
21655
21662
21669
21679
21683
21692
21699
21715
21733
21739
21751
21774
21806
21837
21865
21918
21924
21931
21935
21961
21964
21967
21971
21982
21998
22012
22031
22087
22099
22107
22108
22113
22122
22134
22145
22163
22165
22167
22169
22171
22187
22194
22203
22205
22214
22229
22244
22249
22260
22261
22285
22291
22304
22312
22313
22319
22329
22339
22341
22344
22357
22361
22373
22381
22383
22398
22420
22439
22445
22465
22473
22490
22494
22500
22521
22535
22539
22546
22551
22572
22593
22596
22601
22610
22616
22620
22623
22625
22636
22647
22649
22656
22661
22669
22695
22716
22741
22743
22752
22759
22765
22769
22772
22776
22782
22787
22798
22812
22819
22830
22834
22842
22850
22863
22868
22879
22896
22923
22924
22928
22934
22939
22948
22953
22954
22962
22964
22972
22974
22989
23003
23009
23014
23021
23063
23073
23093
23105
23113
23117
23129
23144
23159
23165
23175
23177
23178
23188
23208
23217
23228
23229
23237
23250
23280
23305
23316
23339
23359
23366
23374
23377
23385
23398
23411
23473
23486
23497
23500
23505
23505
23507
23516
23526
23544
23560
23563
23566
23567
23571
23577
23596
23598
23605
23616
23616
23630
23643
23644
23652
23665
23678
23701
23721
23740
23749
23756
23758
23771
23773
23781
23786
23795
23809
23818
23819
23834
23838
23845
23886
23899
23902
23914
23933
23942
23947
23956
23959
23970
23975
23976
23980
24000
24003
24020
24020
24022
24024
24039
24047
24066
24094
24096
24103
24109
24113
24118
24123
24131
24144
24148
24151
24156
24160
24167
24172
24177
24178
24187
24191
24206
24213
24222
24235
24239
24267
24307
24314
24318
24323
24330
24334
24337
24338
24354
24361
24365
24367
24375
24377
24409
24415
24428
24433
24438
24442
24448
24463
24474
24477
24487
24510
24510
24513
24517
24522
24525
24533
24552
24584
24607
24612
24634
24636
24640
24652
24657
24671
24678
24713
24717
24729
24731
24743
24749
24754
24762
24769
24774
24783
24786
24793
24806
24844
24868
24885
24889
24890
24895
24906
24911
24920
24921
24926
24931
24940
24948
24949
24955
24963
24968
24971
24978
24985
24986
25000
25009
25009
25031
25037
25044
25044
25045
25050
25051
25060
25067
25076
25079
25086
25098
25105
25118
25123
25136
25145
25146
25152
25157
25161
25189
25191
25197
25205
25219
25224
25249
25264
25265
25271
25278
25286
25288
25289
25293
25295
25320
25335
25342
25343
25345
25357
25359
25362
25443
25462
25470
25499
25555
25565
25570
25573
25581
25588
25589
25593
25607
26152
26159
26170
26176
26179
26179
26194
26204
26211
26218
26224
26228
26261
26263
26272
26294
26305
26312
26322
26323
26323
26330
26330
26331
26338
26344
26357
26362
26372
26383
26405
26407
26444
26446
26453
26461
26464
26502
26513
26523
26526
26529
26541
26552
26555
26565
26573
26583
26593
26596
26599
26610
26610
26630
26646
26650
26651
26653
26752
26752
26752
26754
26755
26757
26758
26775
26776
26781
26781
26787
26791
26792
26796
26801
26817
26841
26855
26857
26857
26866
26874
26898
26898
26901
26901
26911
26911
26913
26927
26928
26944
26944
26951
26962
26965
26966
26972
26994
27000
27003
27008
27014
27020
27028
27033
27040
27061
27079
27097
27102
27114
27124
27126
27131
27135
27138
27144
27155
27155
27155
27159
27161
27166
27186
27196
27200
27202
27204
27212
27224
27230
27230
27233
27245
27248
27257
27273
27277
27287
27290
27290
27293
27295
27308
27324
27332
27340
27340
27346
27364
27372
27381
27382
27392
27408
27422
27423
27423
27428
27440
27445
27456
27462
27465
27475
27481
27487
27488
27492
27495
27502
27511
27514
27515
27523
27534
27534
27541
27567
27575
27583
27596
27618
27634
27643
27673
27687
27692
27704
27708
27708
27711
27715
27726
27750
27772
27779
27787
27791
27809
27819
27829
27832
27846
27848
27867
27875
27880
27887
28115
28118
28124
28128
28138
28152
28155
28160
28167
28170
28179
28182
28188
28203
28230
28236
28256
28313
28414
28418
28439
28450
28456
28464
28467
28474
28480
28480
28488
28494
28504
28512
28522
28522
28525
28559
28579
28584
28586
28590
28604
28610
28613
28614
28620
28643
28645
28652
28662
28676
28683
28687
28695
28700
28739
28749
28760
28772
28774
28775
28780
28851
28853
28858
28867
28868
28872
28921
28931
28940
28967
28969
28970
28976
28982
28987
28991
28994
28995
29004
29005
29036
29039
29049
29050
29068
29071
29074
29104
29118
29128
29132
29137
29144
29148
29155
29155
29158
29167
29178
29187
29192
29211
29215
29217
29225
29232
29250
29288
29300
29303
29306
29310
29320
29325
29339
29346
29359
29362
29372
29377
29385
29389
29402
29415
29421
29430
29430
29454
29461
29473
29481
29483
29484
29504
29514
29518
29519
29535
29546
29549
29564
29569
29579
29582
29586
29589
29591
29600
29602
29609
29611
29634
29640
29648
29662
29680
29684
29685
29689
29706
29708
29709
29710
29710
29714
29718
29726
29730
29731
29740
29748
29753
29755
29759
29760
29762
29766
29768
29772
29772
29788
29796
29804
29806
29810
29813
29816
29817
29828
29828
29829
29838
29846
29862
29864
29866
29881
29885
29893
29911
29927
29931
29939
29940
29949
29959
29965
29978
29981
29985
29986
29989
29994
29998
30013
30016
30022
30027
30040
30111
30117
30123
30133
30136
30142
30142
30148
30150
30157
30161
30162
30165
30167
30179
30184
30191
30194
30197
30198
30203
30215
30217
30228
30232
30234
30261
30264
30271
30272
30281
30287
30290
30291
30305
30306
30307
30319
30331
30343
30356
30365
30439
30443
30450
30469
30486
30487
30492
30551
30553
30563
30567
30570
30573
30581
30586
30591
30597
30601
30609
30611
30642
30642
30645
30649
30679
30687
30688
30706
30706
30707
30707
30722
30731
30733
30744
30765
30770
30772
30773
30774
30778
30787
30789
30791
30793
30805
30810
30815
30842
30844
30851
30858
30862
30867
30876
30883
30888
30895
30907
30925
30930
30938
30945
30948
30956
30964
30966
30971
30974
30974
30978
30982
30988
30988
30991
30991
30995
31001
31007
31030
31032
31035
31037
31043
31048
31051
31052
31058
31063
31066
31077
31078
31081
31094
31099
31115
31122
31130
31137
31137
31158
31171
31173
31175
31178
31187
31193
31212
31221
31223
31227
31229
31237
31241
31248
31248
31250
31268
31278
31281
31290
31367
31372
31374
31378
31383
31397
31404
31408
31409
31426
31428
31431
31441
31445
31468
31505
31520
31520
31536
31538
31540
31544
31545
31557
31566
31575
31579
31584
31600
31611
31622
31624
31626
31627
31630
31631
31637
31648
31658
31675
31683
31689
31691
31695
31702
31706
31724
31727
31733
31738
31745
31749
31753
31762
31767
31771
31787
31790
31795
31796
31798
31802
31813
31818
31825
31832
31836
31856
31866
31868
31868
31874
31894
31954
31959
31965
31971
31976
31976
31984
31987
31993
32002
32005
32016
32020
32026
32028
32037
32039
32050
32059
32059
32082
32090
32094
32103
32114
32148
32157
32166
32180
32185
32190
32194
32215
32218
32218
32225
32230
32234
32235
32244
32249
32254
32254
32264
32278
32280
32286
32289
32294
32298
32311
32317
32334
32339
32342
32366
32373
32383
32383
32390
32393
32393
32407
32413
32437
32442
32483
32493
32497
32509
32517
32521
32529
32531
32541
32554
32563
32569
32572
32581
32590
32593
32598
32601
32602
32607
32612
32616
32617
32621
32626
32628
32638
32644
32648
32659
32662
32688
32708
32715
32719
32731
32737
32740
32742
32762
32770
32777
32780
32783
32786
32792
32797
32800
32809
32819
32831
32836
32838
32841
32846
32856
32857
32861
32864
32878
32879
32882
32884
32886
32895
32903
32924
32924
32934
32936
32937
32942
32943
32962
32968
32971
32972
32976
32978
32986
32989
33014
33018
33067
33073
33077
33085
33104
33109
33121
33122
33126
33132
33135
33136
33137
33137
33138
33142
33144
33153
33183
33184
33198
33202
33209
33222
33233
33238
33245
33246
33256
33260
33261
33274
33277
33284
33294
33297
33303
33315
33325
33341
33350
33356
33357
33359
33362
33366
33369
33370
33378
33388
33418
33434
33440
33460
33469
33482
33485
33488
33493
33505
33508
33509
33517
33533
33535
33539
33540
33543
33556
33561
33564
33569
33583
33593
33593
33614
33622
33633
33635
33643
33650
33676
33689
33695
33706
33708
33716
33718
33719
33726
33728
33728
33740
33742
33747
33751
33758
33760
33763
33771
33778
33794
33794
33827
33841
33841
33845
33847
33856
33857
33861
33861
33861
33861
33866
33867
33869
33870
33878
33880
33894
33915
33917
33926
33935
33936
33940
33956
33976
33982
33989
33992
33992
33997
33999
34005
34005
34012
34018
34038
34052
34066
34066
34066
34069
34084
34084
34093
34111
34113
34118
34121
34125
34132
34135
34146
34147
34153
34165
34168
34175
34178
34184
34194
34197
34200
34204
34204
34204
34208
34225
34227
34239
34243
34261
34270
34279
34289
34295
34298
34315
34323
34333
34378
34383
34392
34399
34401
34403
34418
34421
34431
34440
34454
34464
34476
34484
34488
34496
34514
34516
34521
34523
34527
34530
34530
34535
34549
34553
34558
34563
34564
34598
34606
34612
34624
34630
34636
34638
34657
34663
34666
34678
34684
34687
34688
34690
34700
34701
34704
34706
34712
34718
34727
34740
34742
34744
34748
34755
34756
34762
34768
34779
34790
34791
34799
34805
34805
34813
34817
34826
34827
34833
34845
34845
34852
34856
34868
34872
34880
34882
34883
34883
34889
34895
34904
34906
34906
34910
34914
34916
34922
34925
34931
34935
34935
34944
34964
34977
34984
34997
35004
35007
35009
35010
35017
35019
35026
35029
35030
35050
35052
35055
35058
35061
35069
35073
35074
35078
35081
35085
35088
35101
35105
35110
35118
35123
35125
35128
35154
35158
35159
35160
35166
35175
35179
35181
35196
35213
35227
35232
35238
35248
35250
35252
35254
35259
35271
35273
35286
35299
35309
35314
35325
35341
35345
35345
35350
35354
35364
35364
35374
35390
35391
35395
35407
35408
35417
35417
35418
35422
35434
35440
35458
35468
35471
35486
35495
35500
35500
35515
35526
35528
35534
35540
35543
35549
35552
35554
35554
35563
35564
35573
35579
35581
35584
35590
35602
35604
35610
35621
35623
35624
35628
35640
35645
35652
35654
35656
35658
35668
35669
35680
35684
35700
35700
35700
35702
35717
35727
35729
35729
35730
35736
35737
35741
35743
35751
35755
35769
35777
35793
35794
35797
35806
35818
35821
35830
35848
35849
35856
35861
35869
35887
35887
35892
35902
35906
35915
35921
35924
35926
35932
35946
35951
35959
35985
35996
36001
36002
36002
36007
36012
36014
36016
36022
36030
36039
36048
36052
36083
36084
36095
36100
36101
36105
36146
36168
36172
36174
36183
36183
36184
36184
36185
36194
36197
36198
36200
36207
36211
36222
36228
36232
36238
36245
36245
36250
36253
36273
36279
36285
36288
36295
36299
36303
36320
36323
36329
36334
36345
36354
36357
36360
36361
36368
36373
36378
36379
36380
36397
36411
36416
36425
36429
36430
36432
36439
36439
36445
36458
36461
36468
36469
36474
36485
36488
36490
36507
36510
36514
36532
36536
36541
36544
36545
36545
36550
36556
36562
36570
36572
36585
36591
36595
36597
36604
36608
36611
36627
36631
36637
36644
36650
36652
36658
36661
36664
36673
36679
36681
36693
36718
36725
36732
36747
36756
36768
36777
36780
36787
36793
36799
36820
36822
36830
36848
36858
36868
36883
36887
36893
36895
36900
36907
36912
36917
36920
36920
36926
36932
36938
36939
36945
36948
36952
36967
36977
36985
36988
36996
36996
36996
36998
37004
37006
37007
37008
37009
37011
37012
37014
37027
37035
37038
37044
37051
37055
37056
37059
37066
37080
37085
37097
37104
37110
37114
37117
37120
37120
37122
37127
37130
37133
37136
37137
37143
37146
37147
37148
37155
37257
37258
37261
37262
